228.4 7.0 1.45165
279.1 5.7 0.22444
344.6 4.7 0.18103
381.2 37.7 10.34680
423.5 15.4 0.58840
484.6 27.5 6.04413
554.9 12.9 0.15946
625.0 4.0 0.01959
741.5 20.2 0.66566
789.2 13.3 0.11646
813.6 21.9 0.20329
987.4 19.1 0.85970
1096.6 7.1 0.05773
1150.9 21.7 0.28124
1264.1 47.7 3.43316
1328.8 54.4 5.79974
1425.7 42.1 1.62612
1480.0 54.3 2.13715
1535.2 18.4 0.37529
1651.7 40.1 0.78921
1720.9 53.0 2.20085
1782.3 30.1 0.78330
1891.0 50.6 0.64545
1958.9 33.2 0.35948
2078.9 31.9 0.14479
2170.8 38.4 0.24766
2271.9 38.3 0.22123
2347.5 23.7 0.07015
2459.3 37.9 0.14947
2626.1 33.3 0.18544
2751.9 52.6 0.52010
2936.1 8.1 0.00437
3109.2 29.8 0.06160
3214.8 50.0 0.36764
3524.9 22.7 0.05562
3736.9 59.1 0.21567
3904.8 9.3 0.00828
4297.4 33.9 0.12083
4503.5 58.1 0.29134
4642.4 47.0 0.25636
5504.6 10.3 0.01125
6099.4 109.5 2.96390
6497.7 22.5 0.77095
