275.0 20.0 0.385830
405.0 30.0 0.589463
470.0 40.0 0.169314
540.0 40.0 0.147366
630.0 30.0 0.252627
741.5 20.2 0.665660
789.2 15.0 0.131346
813.6 21.9 0.203290
987.4 19.1 0.859700
1096.6 15.0 0.121965
1150.9 21.7 0.281240
1264.1 47.7 3.433160
1328.8 54.4 5.799740
1425.7 42.1 1.626120
1480.0 54.3 2.137150
1535.2 18.4 0.375290
1651.7 40.1 0.789210
1720.9 53.0 2.200850
1782.3 30.1 0.783300
1891.0 50.6 0.645450
1958.9 33.2 0.359480
2078.9 31.9 0.144790
2170.8 38.4 0.247660
2271.9 38.3 0.221230
2347.5 23.7 0.070150
2459.3 37.9 0.149470
2626.1 33.3 0.185440
2751.9 52.6 0.520100
2936.1 15.0 0.008093
3109.2 29.8 0.061600
3214.8 50.0 0.367640
3524.9 22.7 0.055620
3736.9 59.1 0.215670
3904.8 15.0 0.013355
4297.4 33.9 0.120830
4503.5 58.1 0.291340
4642.4 47.0 0.256360
5504.6 15.0 0.016383
6099.4 109.5 2.963900
6497.7 22.5 0.770950
