273.8 43.1 1.327792
280.2 45.4 2.964635
390.4 48.9 4.783186
408.0 26.8 1.376636
436.4 24.2 0.326922
451.8 26.6 0.118541
464.6 23.4 0.242474
534.2 23.0 0.035866
591.2 11.7 0.229700
656.2 24.0 0.741882
668.4 16.3 1.238272
741.8 28.6 2.172429
753.8 28.0 0.695702
771.0 23.4 3.539366
800.8 21.5 1.502340
839.3 27.9 0.554107
847.0 27.7 0.723150
903.9 25.4 1.269251
925.5 28.6 0.841771
1009.3 23.2 0.046600
1069.4 43.7 0.161447
1130.0 70.3 0.364971
1141.9 47.2 0.233660
1181.1 29.8 0.639764
1246.4 69.1 0.362411
1265.0 80.0 1.218971
1296.3 79.7 1.762591
1393.6 31.5 0.055240
1480.9 18.2 0.026298
1552.5 41.9 0.099885
1623.6 49.2 0.775085
1705.5 31.9 0.097038
1754.6 43.4 0.046873
1776.5 55.1 0.162698
1857.3 48.9 0.142808
1931.5 21.9 0.020967
2015.8 29.7 0.057187
2072.4 57.1 0.124582
2094.0 80.0 0.240151
2217.5 14.1 0.025237
2356.5 18.2 0.005813
2543.9 79.8 0.071192
2582.4 46.6 0.043924
2663.9 55.2 0.056525
2743.7 25.5 0.015059
2817.9 35.5 0.043760
2947.9 22.7 0.031728
3108.3 30.3 0.024181
3141.8 44.5 0.032290
3210.5 19.7 0.236633
3305.2 46.5 0.058138
3417.5 30.1 0.056983
3490.3 31.8 0.036636
3661.7 46.6 0.021511
3713.3 37.3 0.030715
3850.9 59.5 0.061424
3907.1 38.1 0.088780
4033.4 31.7 0.022316
4116.2 43.1 0.040779
4158.5 53.1 0.091535
4346.6 22.4 0.018807
4540.7 32.4 0.056640
4887.1 33.7 0.116910
4896.4 8.9 0.019769
5236.9 48.1 0.048959
5453.2 28.5 0.042776
5698.2 14.8 0.046750
6175.7 20.6 0.275042
6376.6 20.9 0.076363
6540.3 37.6 0.324694
6695.9 18.2 0.057046
7076.7 43.1 0.252464
7156.7 48.4 0.213332
7298.4 47.2 0.106294
7424.3 76.8 1.098507
8050.5 19.8 0.056410
